   9.2500000e+05
   2.2500000e+06
   8.0000000e+06
   3.5000000e+06
   1.7500000e+06
   1.5000000e+06
   9.5000000e+05
   8.4250000e+05
   1.2500000e+06
   9.2500000e+05
   8.0000000e+05
   6.0000000e+05
   1.0000000e+06
   9.2500000e+05
   9.5000000e+05
   6.8000000e+05
   5.9000000e+05
   6.5000000e+05
   2.2500000e+06
   6.0000000e+05
   5.0000000e+06
   5.2500000e+06
   9.2500000e+05
   1.6000000e+06
   7.1750000e+05
   9.2500000e+05
   9.0000000e+05
   3.7500000e+06
   7.9250000e+05
   6.0000000e+05
   6.0000000e+06
   5.5000000e+06
   7.2450000e+05
   7.2500000e+05
   4.0000000e+06
   8.0000000e+05
   4.2500000e+06
   7.4250000e+05
   7.5000000e+05
   4.5000000e+06
   3.0000000e+06
   6.3000000e+05
   2.2000000e+06
   6.5000000e+05
   1.3000000e+06
   9.2500000e+05
   7.0000000e+05
   1.2000000e+06
   9.2500000e+05
   9.2500000e+05
   6.0000000e+06
   9.5000000e+05
   2.5000000e+06
   1.0500000e+06
   7.9250000e+05
   6.0000000e+05
   4.7500000e+06
   9.2500000e+05
   6.0000000e+06
   9.2500000e+05
   7.6750000e+05
   3.5000000e+06
   4.5000000e+06
   7.5000000e+05
   3.1000000e+06
   2.3500000e+06
   7.5000000e+05
   7.0000000e+05
   6.7500000e+06
   6.0000000e+05
   6.5000000e+05
   2.6000000e+06
   6.6750000e+05
   9.2500000e+05
   2.1000000e+06
   7.0000000e+06
   6.6750000e+05
   5.0000000e+06
   3.9000000e+06
   6.2500000e+05
   2.7500000e+06
   3.4000000e+06
   8.4250000e+05
   5.5000000e+06
   5.7500000e+05
   5.5000000e+06
   9.2500000e+05
   5.7500000e+06
   7.1500000e+05
   9.2500000e+05
   3.2500000e+06
   9.2500000e+05
   8.2500000e+05
   3.5750000e+06
   6.0000000e+05
   5.8500000e+06
   7.5000000e+05
   5.0000000e+06
   6.6000000e+05
   3.0000000e+06
   2.5000000e+06
   8.0000000e+05
   9.2500000e+05
   1.3800000e+07
   3.5000000e+06
   7.0000000e+06
   6.0000000e+06
   9.2500000e+05
   7.2750000e+05
   2.5000000e+06
   1.0000000e+06
   7.0000000e+05
   2.3500000e+06
   2.7500000e+06
   9.2500000e+05
   7.4500000e+06
   5.4000000e+06
   7.5000000e+05
   5.7500000e+05
   9.2500000e+05
   9.2500000e+05
   3.0000000e+06
   6.5000000e+05
   5.7500000e+05
   7.2500000e+05
   3.0000000e+06
   9.5000000e+05
   3.0000000e+06
   1.2500000e+06
   5.7500000e+05
   6.0000000e+05
   4.0000000e+06
   5.7500000e+05
   6.2500000e+05
   7.3500000e+05
   5.7500000e+05
   6.4000000e+05
   8.0000000e+05
   9.2500000e+05
   4.0000000e+06
   5.7500000e+06
   8.9250000e+05
   7.2500000e+06
   3.5000000e+06
   5.7500000e+05
   1.0900000e+07
   6.6750000e+05
   8.3250000e+05
   8.0000000e+06
   6.9250000e+05
   3.5000000e+06
   9.0000000e+05
   5.7500000e+05
   6.0000000e+05
   7.0500000e+05
   9.0000000e+05
   8.0000000e+06
   4.0000000e+06
   5.7500000e+05
   1.8500000e+06
   2.5000000e+06
   7.4000000e+05
   8.0000000e+05
   6.6750000e+05
   4.0000000e+06
   7.0000000e+05
   7.0000000e+06
   5.0000000e+06
   9.0000000e+06
   9.2500000e+05
   4.0000000e+06
   6.0000000e+05
   7.2500000e+05
   9.2500000e+05
   7.9250000e+05
   8.3250000e+05
   2.9500000e+06
   4.2500000e+06
   8.7500000e+05
   6.2500000e+05
   5.7500000e+05
   6.2500000e+05
   4.0000000e+06
   2.5000000e+06
   6.7500000e+05
   9.0000000e+05
   1.0500000e+06
   1.1000000e+06
   9.2500000e+05
   6.5000000e+05
   3.8500000e+06
   9.0000000e+06
   9.2500000e+05
   7.0000000e+05
   7.4250000e+05
   9.2500000e+05
   4.2500000e+06
   6.6750000e+05
   8.0000000e+06
   6.3500000e+05
   3.6500000e+06
   3.7500000e+06
   6.0750000e+06
   9.5000000e+05
   9.2500000e+05
   2.7500000e+06
   5.0000000e+06
   5.0000000e+06
   1.1000000e+07
   6.0000000e+05
   6.0000000e+06
   9.5000000e+05
   7.7500000e+05
   1.7000000e+06
   1.0250000e+06
   9.2500000e+05
   5.4000000e+06
   7.8750000e+06
   8.4250000e+05
   2.0000000e+06
   2.5700000e+06
   5.7500000e+05
   1.3000000e+06
   4.0000000e+06
   9.2500000e+05
   6.0000000e+05
   1.0000000e+07
   9.2500000e+05
   3.0000000e+06
   8.3250000e+05
   9.2500000e+05
   9.0000000e+05
   7.5000000e+05
   8.3250000e+05
   9.2500000e+05
   1.2500000e+06
   6.2500000e+05
   9.0000000e+05
   5.0000000e+06
   4.5000000e+06
   2.9000000e+06
   5.7500000e+05
   6.4000000e+05
   5.0000000e+06
   5.0000000e+06
   5.7500000e+05
   3.1000000e+06
   8.0000000e+06
   6.0000000e+06
   9.2500000e+05
   3.5000000e+06
   5.7500000e+05
   6.0000000e+06
   3.0000000e+06
   7.2500000e+05
   6.6750000e+05
   4.2500000e+06
   6.0000000e+05
   9.2500000e+05
   8.0000000e+05
   1.0000000e+07
   7.0000000e+05
   5.0000000e+06
   8.4000000e+05
   6.0000000e+05
   9.2500000e+05
   6.6000000e+05
   2.0750000e+06
   7.0000000e+06
   5.8000000e+06
   1.1500000e+06
   9.2500000e+05
   9.2500000e+05
   5.5000000e+06
   2.8000000e+06
   4.3500000e+06
   9.2500000e+05
   3.2750000e+06
   1.2000000e+06
   1.3000000e+06
   1.3000000e+06
   6.5000000e+05
   5.0000000e+06
   6.9250000e+05
   8.3250000e+05
   7.7500000e+05
   4.2500000e+06
   9.2500000e+05
   9.2500000e+05
   1.0000000e+06
   6.9250000e+05
   9.0000000e+05
   5.7500000e+05
   6.6750000e+05
   4.0000000e+06
   6.5000000e+05
   1.2000000e+06
   6.6750000e+05
   6.6750000e+05
   6.0000000e+06
   9.2500000e+05
   6.0000000e+05
   8.0000000e+05
   4.5000000e+06
   9.2500000e+05
   9.0000000e+05
   6.7500000e+05
   6.0000000e+06
   6.0000000e+05
   1.0000000e+06
   4.0000000e+06
   7.9250000e+05
   1.7000000e+06
   6.0000000e+05
   4.0000000e+06
   3.6670000e+06
   8.3250000e+05
   3.0000000e+06
   5.4000000e+06
   5.0000000e+06
   1.6500000e+06
   7.9250000e+05
   9.2500000e+05
   3.5000000e+06
   4.0000000e+06
   2.6000000e+06
   3.5000000e+06
   9.2500000e+05
   5.7500000e+05
   6.2000000e+05
   2.5000000e+06
   3.8000000e+06
   7.9250000e+05
   5.7500000e+05
   5.7500000e+05
   7.4250000e+05
   5.7500000e+06
   8.0000000e+05
   6.7500000e+05
   4.0500000e+06
   7.4250000e+05
   5.7500000e+05
   2.6000000e+06
   8.0000000e+05
   8.3250000e+05
   9.2500000e+05
   4.4000000e+06
   2.4000000e+06
   5.0000000e+06
   2.5000000e+06
   6.0000000e+05
   6.0000000e+05
   1.2500000e+06
   9.2500000e+05
   1.7500000e+06
   5.7500000e+05
   2.0000000e+06
   6.5000000e+05
   3.5000000e+06
   2.0000000e+06
   1.2000000e+06
   3.5500000e+06
   8.3250000e+05
   7.6750000e+05
   8.7500000e+05
   6.0000000e+06
   6.7500000e+06
   7.9250000e+05
   2.7000000e+06
   5.7500000e+05
   4.7500000e+06
   5.7500000e+05
   5.7500000e+05
   8.3250000e+05
   6.0000000e+06
   2.8250000e+06
   3.6000000e+06
   6.0000000e+05
   6.0000000e+05
   7.0000000e+06
   8.7412500e+05
   1.0000000e+06
   9.2500000e+05
   1.1000000e+06
   9.2500000e+05
   6.0000000e+05
   4.0000000e+06
   1.8000000e+06
   6.5000000e+05
   4.1000000e+06
   7.4250000e+05
   1.5000000e+06
   4.2500000e+06
   8.3250000e+05
   5.7500000e+05
   6.0000000e+05
   9.2500000e+05
   7.2500000e+05
   4.0000000e+06
   6.5000000e+05
   6.4500000e+05
   8.0000000e+05
   4.5000000e+06
   4.5000000e+06
   2.5000000e+06
   2.2500000e+06
   5.7500000e+05
   2.5000000e+06
   8.1750000e+05
   5.7500000e+05
   5.7500000e+05
   2.5000000e+06
   8.0000000e+05
   9.2500000e+05
   3.9000000e+06
   5.7500000e+05
   7.5000000e+06
   5.7500000e+05
   4.0000000e+06
   5.6000000e+06
   9.2500000e+05
   3.2000000e+06
   6.5000000e+05
   2.1000000e+06
   4.5000000e+06
   3.2500000e+06
   1.1000000e+06
   5.7500000e+05
   2.7500000e+06
   7.7500000e+05
   7.1500000e+05
   8.7500000e+05
   2.2000000e+06
   1.0000000e+06
   1.3000000e+06
   1.1000000e+06
   4.8750000e+06
   9.2500000e+05
   3.2000000e+06
   9.2500000e+05
   2.6000000e+06
   2.3000000e+06
   9.0000000e+05
   9.2500000e+05
   1.2500000e+06
   6.7500000e+05
   6.3500000e+05
   6.3250000e+05
   5.7500000e+05
   5.7500000e+05
   7.9250000e+05
   4.3000000e+06
   2.0000000e+06
   8.3250000e+05
   4.0000000e+06
   8.7500000e+06
   5.5000000e+06
   1.1250000e+06
   1.0500000e+06
   7.0000000e+05
   5.2500000e+06
   5.0000000e+06
   6.2500000e+05
   4.5000000e+06
   9.5000000e+05
   1.1000000e+06
   5.9500000e+05
   4.5000000e+06
   1.2500000e+06
   6.9250000e+05
   9.2500000e+05
   4.8380000e+06
   7.5000000e+05
   5.2000000e+06
   6.0000000e+05
   9.2500000e+05
   4.7500000e+06
   6.5000000e+05
   4.5000000e+06
   8.0000000e+05
   9.2500000e+05
   1.0000000e+06
   2.0000000e+06
   9.2500000e+05
   6.0000000e+05
   8.3250000e+05
   5.7500000e+05
   3.5000000e+06
   1.7500000e+06
   8.7500000e+05
   1.0000000e+06
   5.7500000e+05
   5.7500000e+06
   1.2500000e+06
   7.0000000e+05
   9.2500000e+05
   1.3800000e+07
   8.0000000e+06
   1.0000000e+06
   9.2500000e+05
   6.0000000e+05
   8.3250000e+05
   2.7500000e+06
   4.2500000e+06
   3.1000000e+06
   5.7500000e+05
   2.2500000e+06
   5.7500000e+05
   6.0000000e+05
   6.2500000e+05
   4.0000000e+06
   2.4000000e+06
   8.6750000e+05
   1.3000000e+06
   5.7500000e+05
   8.3250000e+05
   7.0000000e+06
   7.0000000e+05
   8.5000000e+05
   9.2500000e+05
   7.2250000e+05
   4.2500000e+06
   9.2500000e+05
   1.8500000e+06
   5.0000000e+06
   9.2500000e+05
   6.1500000e+05
   4.0000000e+06
   7.1500000e+05
   1.6000000e+06
   8.7412500e+05
   5.0000000e+06
   1.0000000e+06
   1.0000000e+06
   6.0000000e+05
   2.2500000e+06
   9.5000000e+05
   1.2000000e+06
   9.5000000e+05
   5.0000000e+06
   6.5000000e+06
   9.0000000e+05
   1.2000000e+07
   9.2500000e+05
   9.2500000e+05
   8.7412500e+05
   5.0000000e+06
   1.5000000e+06
   2.7250000e+06
   6.7000000e+05
   8.7500000e+05
   3.2500000e+06
   9.2500000e+05
   2.0000000e+06
   6.2500000e+05
   9.2500000e+05
   3.5000000e+06
   9.2500000e+05
   1.6500000e+06
   6.4000000e+05
   9.2500000e+05
   1.9000000e+06
   9.2500000e+05
   4.0000000e+06
   6.5000000e+06
   7.0000000e+05
   9.2500000e+05
   9.2500000e+05
   1.0250000e+06
   9.2500000e+05
   9.2500000e+05
   1.7500000e+06
   6.0000000e+06
   2.5000000e+06
   6.6750000e+05
   3.7000000e+06
   6.5000000e+05
   9.2500000e+05
   8.3250000e+05
   6.6750000e+05
   8.3250000e+05
   7.0000000e+06
   9.2500000e+05
   9.2500000e+05
   3.7500000e+06
   6.0000000e+06
   7.5000000e+05
   7.0000000e+06
   6.4000000e+05
   3.0000000e+06
   9.2500000e+05
   9.2500000e+05
   3.0000000e+06
   3.7500000e+06
   9.5000000e+06
   1.2500000e+06
   9.2500000e+05
   8.4250000e+05
   4.0000000e+06
   2.7000000e+06
   5.0000000e+06
   5.7500000e+05
   6.0000000e+05
   3.7000000e+06
   6.5000000e+06
   5.7500000e+05
   6.8000000e+05
   6.0000000e+05
   9.0000000e+06
   4.2500000e+06
   7.0000000e+06
   9.2500000e+05
