key: 4398 3072 4397 || code: 65 112 112 108 101 
key: 4468 1950 4467 || code: 65 112 112 108 101 
key: 226 3624 225   || code: 65 112 112 108 101 
key: 1673 5759 1672 || code: 65 112 112 108 101 
key: 5831 5562 5830 || code: 65 112 112 108 101 
key: 1848 1867 1847 || code: 65 112 112 108 101 
key: 2986 5773 2985 || code: 65 112 112 108 101 
key: 1621 3501 1620 || code: 65 112 112 108 101 
key: 602 932 601    || code: 65 112 112 108 101 
key: 3224 6447 3223 || code: 65 112 112 108 101 
key: 4745 246 4744 || code: 65 112 112 108 101 
key: 5748 6403 5747 || code: 65 112 112 108 101 
key: 770 3191 769 || code: 65 112 112 108 101 
key: 1096 5078 1095 || code: 65 112 112 108 101 
key: 5678 2777 5677 || code: 65 112 112 108 101 
key: 5225 4136 5224 || code: 65 112 112 108 101 
key: 4012 5843 4011 || code: 65 112 112 108 101 
key: 856 3669 855 || code: 65 112 112 108 101 
key: 1413 2209 1412 || code: 65 112 112 108 101 
key: 6213 3853 6212 || code: 65 112 112 108 101 
key: 5931 3100 5930 || code: 65 112 112 108 101 
key: 4811 4508 4810 || code: 65 112 112 108 101 
key: 1672 27 1671 || code: 65 112 112 108 101 
key: 6003 2328 6002 || code: 65 112 112 108 101 
key: 3339 5576 3338 || code: 65 112 112 108 101 
key: 4187 1263 4186 || code: 65 112 112 108 101 
key: 5987 5430 5986 || code: 65 112 112 108 101 
key: 3846 6008 3845 || code: 65 112 112 108 101 
key: 5394 3631 5393 || code: 65 112 112 108 101 
key: 5817 500 5816 || code: 65 112 112 108 101 
