key: 4398 3072 4397 || code: 290267 496973 496973 479381 448595 
key: 4468 1950 4467 || code: 294887 504883 504883 487011 455735 
key: 226 3624 225   || code: 14915 25537 25537 24633 23051 
key: 1673 5759 1672 || code: 110417 189048 189048 182356 170645 
key: 5831 5562 5830 || code: 384845 658902 658902 635578 594761 
key: 1848 1867 1847 || code: 121967 208823 208823 201431 188495 
key: 2986 5773 2985 || code: 197075 337417 337417 325473 304571 
key: 1621 3501 1620 || code: 106985 183172 183172 176688 165341 
key: 602 932 601    || code: 39731 68025 68025 65617 61403 
key: 3224 6447 3223 || code: 212783 364311 364311 351415 328847 
key: 4745 246 4744 || code: 313169 536184 536184 517204 483989 
key: 5748 6403 5747 || code: 379367 649523 649523 626531 586295 
key: 770 3191 769 || code: 50819 87009 87009 83929 78539 
key: 1096 5078 1095 || code: 72335 123847 123847 119463 111791 
key: 5678 2777 5677 || code: 374747 641613 641613 618901 579155 
key: 5225 4136 5224 || code: 344849 590424 590424 569524 532949 
key: 4012 5843 4011 || code: 264791 453355 453355 437307 409223 
key: 856 3669 855 || code: 56495 96727 96727 93303 87311 
key: 1413 2209 1412 || code: 93257 159668 159668 154016 144125 
key: 6213 3853 6212 || code: 410057 702068 702068 677216 633725 
key: 5931 3100 5930 || code: 391445 670202 670202 646478 604961 
key: 4811 4508 4810 || code: 317525 543642 543642 524398 490721 
key: 1672 27 1671 || code: 110351 188935 188935 182247 170543 
key: 6003 2328 6002 || code: 396197 678338 678338 654326 612305 
key: 3339 5576 3338 || code: 220373 377306 377306 363950 340577 
key: 4187 1263 4186 || code: 276341 473130 473130 456382 427073 
key: 5987 5430 5986 || code: 395141 676530 676530 652582 610673 
key: 3846 6008 3845 || code: 253835 434597 434597 419213 392291 
key: 5394 3631 5393 || code: 356003 609521 609521 587945 550187 
key: 5817 500 5816 || code: 383921 657320 657320 634052 593333 
