key: 5424 151 5423 || code: 357983 612911 612911 591215 553247 
key: 4116 4655 4115 || code: 271655 465107 465107 448643 419831 
key: 787 295 786 || code: 51941 88930 88930 85782 80273 
key: 3452 2367 3451 || code: 227831 390075 390075 376267 352103 
key: 2195 4410 2194 || code: 144869 248034 248034 239254 223889 
key: 5434 4473 5433 || code: 358643 614041 614041 592305 554267 
key: 5763 4315 5762 || code: 380357 651218 651218 628166 587825 
key: 5413 1550 5412 || code: 357257 611668 611668 590016 552125 
key: 2371 4322 2370 || code: 156485 267922 267922 258438 241841 
key: 4817 3102 4816 || code: 317921 544320 544320 525052 491333 
